1 2 5
1 3 3
1 4 6
2 5 9
2 6 7
3 5 2
3 7 1
4 7 2
4 8 7
5 9 8
5 10 3
6 10 1
6 11 5
7 11 3
7 12 4
8 12 6
8 13 7
9 14 2
9 15 4
10 15 9
10 16 5
11 16 2
11 17 8
12 17 1
12 18 3
13 18 6
13 19 4
14 20 7
14 21 1
15 21 6
15 22 8
16 22 3
16 23 4
17 23 6
17 24 2
18 24 9
18 25 7
19 25 3
19 26 1
20 27 6
20 28 9
21 28 2
21 29 5
22 29 8
22 30 7
23 30 4
23 31 3
24 31 1
24 32 6
25 32 2
25 33 4
26 33 7
26 34 5
27 35 1
27 36 8
28 36 6
28 37 4
29 37 2
29 38 9
30 38 3
30 39 1
31 39 7
31 40 5
32 40 4
32 41 8
33 41 6
33 42 2
34 42 9
34 43 1
35 44 4
35 45 7
36 45 3
36 46 5
37 46 6
37 47 2
38 47 8
38 48 1
39 48 9
39 49 3
40 49 7
40 50 4
41 50 6
42 49 2
43 50 5